2
109
0 "Água Boa"
1 "São Felix do Araguaia"
2 "Cuiabá"
3 "Almeirim"
4 "Belém"
5 "Almeirim M. Dourado"
6 "Alta Floresta"
7 "Altamira"
8 "Apucarana"
9 "Curitiba"
10 "Aracaju"
11 "Recife"
12 "Brasília"
13 "Campinas"
14 "Salvador"
15 "Rio de Janeiro"
16 "Guarulhos"
17 "Araçatuba"
18 "Araguaína"
19 "Barreiras"
20 "BH-Confins"
21 "Bauru-Arealvas"
22 "Macapá"
23 "Breves"
24 "Manaus"
25 "Santarém"
26 "Carajas"
27 "Marabá"
28 "Imperatriz"
29 "São Luis"
30 "Fortaleza"
31 "Vitória"
32 "Florianópolis"
33 "Porto Alegre"
34 "São Paulo"
35 "Ribeirão Preto"
36 "São José do Rio Preto"
37 "Uberaba"
38 "Uberlandia"
39 "Goiânia"
40 "Montes Claros"
41 "Guanambi"
42 "Vitória da Conquista"
43 "Ilhéus"
44 "Porto Seguro"
45 "Teixeira de Freitas"
46 "Governador Valadares"
47 "Boa Vista"
48 "Bonito"
49 "Campo Grande"
50 "Rio Branco"
51 "Porto Velho"
52 "Palmas"
53 "Teresina"
54 "Natal"
55 "João Pessoa"
56 "Maceió"
57 "Caçador"
58 "Caldas Novas"
59 "Campina Grande"
60 "Jaguaruna"
61 "Navegantes"
62 "Joinville"
63 "Caxias do Sul"
64 "Chapecó"
65 "Foz do Iguaçu"
66 "Cascavel"
67 "Maringá"
68 "Londrina"
69 "Presidente Prudente"
70 "Marília"
71 "Corumbá"
72 "Três Lagoas"
73 "Sinop"
74 "Rio Verde"
75 "Parnaíba"
76 "Juazeiro do Norte"
77 "Goianá"
78 "Campo dos Goytacazes"
79 "Carauari"
80 "Coari-Urucu"
81 "Caruaru"
82 "Coari"
83 "Lábrea"
84 "Cruz"
85 "Cruzeiro do Sul"
86 "Vilhena"
87 "Ji-Paraná"
88 "Pato Branco"
89 "Descanso"
90 "Eirunepé"
91 "Tefé"
92 "Erechim"
93 "Fernando de Noronha"
94 "Petrolina"
95 "Itaituba"
96 "Parintins"
97 "Macaé"
98 "São Gabriel da Cachoeira"
99 "Tabatinga"
100 "Mossoró"
101 "Patos"
102 "Pelotas"
103 "Vacaria"
104 "Santo Ângelo"
105 "Santa Cruz do Sul"
106 "Santa Maria"
107 "Uruguaiana"
108 "Serra Talhada"
313
1 0 8618.39
2 0 11413.51
4 3 11374.21
5 3 5419.40
5 4 11373.97
6 2 13198.07
7 4 11468.76
9 2 19916.45
9 8 8765.30
12 2 15165.73
12 4 23032.95
12 9 17395.30
12 10 19695.63
13 2 19200.35
13 4 31029.90
13 9 9472.69
13 10 24058.08
13 12 14385.16
16 2 20081.08
16 4 31554.98
16 9 9732.02
16 10 24003.35
16 11 27959.10
16 12 14914.89
16 13 5419.40
17 13 10663.92
17 16 11555.91
18 12 16084.43
19 12 11908.81
20 2 20405.98
20 4 27833.79
20 9 14816.30
20 11 22988.55
20 12 12798.86
20 13 11696.39
20 16 11677.57
20 19 14838.03
21 13 6119.25
23 4 6477.65
26 4 12503.54
26 12 17685.12
26 20 23303.70
28 4 11520.03
28 12 18149.47
28 13 26393.79
28 16 26892.55
30 4 17989.72
30 11 13072.24
30 12 23858.17
30 13 30240.52
30 16 30405.69
30 20 25554.77
32 9 6988.32
32 12 19915.52
32 13 12000.38
32 16 11825.63
32 20 16589.42
33 20 20412.56
33 32 9829.06
39 2 13975.68
39 12 5419.40
39 13 13953.92
39 16 14472.09
39 20 13229.54
41 20 12997.36
43 13 19195.35
43 16 19080.21
43 20 14012.74
46 20 6454.46
47 12 32043.22
48 13 16286.67
49 2 12531.84
49 9 14367.36
49 12 15165.30
49 13 14624.38
49 16 15492.11
51 16 31679.53
57 9 6475.32
57 32 7218.91
58 16 13422.76
59 16 28178.71
60 13 13317.11
60 34 12943.64
63 13 14388.95
63 16 14358.37
64 13 13793.65
64 16 13981.05
64 32 10955.94
65 9 11962.59
65 13 14391.83
65 16 14814.74
66 9 11239.83
66 13 13506.23
66 16 13890.83
71 13 18468.71
71 48 7744.55
75 13 30051.47
77 13 11242.41
78 15 6716.60
80 79 5419.40
84 16 30674.26
87 2 14531.04
89 32 11693.53
92 33 7823.62
55 12 24078.30
55 13 28875.67
55 16 28846.45
62 13 10609.73
62 16 10453.46
76 16 26561.72
76 13 26424.06
83 82 9766.66
68 13 10969.34
68 16 11521.13
68 9 8641.10
97 78 5419.40
22 12 25003.93
22 4 9013.88
56 12 21783.47
56 13 26218.81
56 16 26158.93
24 47 13314.82
24 79 14298.14
24 82 13044.25
24 80 13044.25
24 16 33890.19
24 13 33127.36
24 12 26447.19
24 95 11474.19
24 30 30834.79
24 4 19763.39
27 4 11322.86
27 12 18417.65
27 20 23756.67
70 13 8307.45
67 9 9923.48
67 16 12598.15
67 13 11721.62
40 16 14385.62
40 20 8924.27
54 30 11048.58
54 100 6568.15
54 12 24666.06
54 13 29884.75
54 16 29901.33
61 13 11378.62
61 16 11258.14
52 39 13719.29
52 12 13035.01
52 13 21023.41
52 16 21599.75
96 24 9912.82
96 95 5743.64
75 53 7558.56
88 9 9761.74
94 16 23799.51
33 61 11133.64
33 16 15034.50
33 13 15131.17
33 9 11971.48
33 12 22954.97
33 103 5419.40
33 65 12769.89
33 102 6383.48
44 20 13072.20
44 13 17756.78
44 16 17551.14
51 24 14101.98
51 12 26050.23
51 2 18086.63
51 13 30858.19
69 13 11325.89
69 16 11914.08
11 93 12091.49
11 55 5419.40
11 54 7494.57
11 100 11115.78
11 59 5419.40
11 4 23714.86
11 101 7915.90
11 76 11629.40
11 24 35215.63
11 81 5419.40
11 94 13136.86
11 2 31443.68
11 12 23464.14
11 39 25129.87
11 13 28013.52
11 10 10614.07
11 33 36420.00
11 56 5419.40
35 39 11888.90
35 12 12751.93
35 20 11173.92
35 16 8024.98
35 13 6317.19
50 85 12801.14
50 24 18166.00
50 12 29590.32
50 16 34193.90
15 97 5419.40
15 11 25549.51
15 20 9777.79
15 12 15562.81
15 39 15724.62
15 2 22558.44
15 35 11732.51
15 13 10704.10
15 16 9208.12
15 9 13428.56
15 32 14091.82
15 33 17841.19
15 44 14663.52
15 56 23716.99
15 55 26505.46
15 10 21536.69
15 54 27695.21
15 30 28709.72
15 65 18481.54
15 61 13700.76
74 13 13629.14
14 56 11469.09
14 11 13243.94
14 10 7189.62
14 55 13942.90
14 54 14949.48
14 30 16676.78
14 94 11433.25
14 52 17922.17
14 19 13870.68
14 12 17415.61
14 39 19139.32
14 13 21416.03
14 20 16058.92
14 16 21352.25
14 15 18870.64
14 43 6476.21
14 44 10736.66
105 33 5419.40
106 33 6955.75
25 4 13715.96
25 12 23669.60
25 24 12776.50
104 33 9458.56
1 2 13920.01
98 24 14702.83
36 12 12647.72
36 20 12728.34
36 16 11091.97
36 13 9220.67
29 4 11632.66
29 26 14017.98
29 28 11594.04
29 12 22185.62
29 13 29864.24
29 16 30249.52
29 20 25919.36
29 14 19973.41
29 11 18694.15
29 30 13224.83
34 15 9763.85
34 44 17858.73
34 43 19388.79
34 56 26439.76
34 11 28239.85
34 14 21646.36
34 54 30179.58
34 20 11892.16
34 30 30672.00
34 12 15108.53
34 39 14574.80
34 35 8296.13
34 36 11106.72
34 2 20071.08
34 49 15382.31
34 65 14565.50
34 9 9052.36
34 33 14730.57
34 61 11045.90
34 32 11619.44
108 11 10116.26
73 16 22958.24
73 13 22133.55
73 2 11116.29
99 24 17654.52
91 24 11866.86
91 90 13449.98
45 20 11750.10
53 30 11684.46
53 11 15811.97
53 16 27756.04
53 13 27439.58
53 12 20029.51
72 13 11956.97
37 20 11083.84
38 12 9184.62
38 20 11360.31
38 16 12000.68
38 34 12493.35
38 13 11497.34
107 33 12602.97
103 92 5419.40
86 2 12023.81
31 11 21515.93
31 14 14788.91
31 12 15875.23
31 20 10509.60
31 13 14178.48
31 16 13861.00
31 34 14064.71
31 15 11072.68
42 14 9486.86
42 16 17815.98
42 20 13053.24